13504819219456067818031580515539822896228120741136979857200568958993975702666
7494344151417234640449675736533256724616942855948344357467500409373905259543
10010030796336602137769690321309485625363305616887107606913728752314715121478
7831304479280320203371951969863682606541374779557353998221621262901608059376
7223381743622420252596207120578083405002096077950716099163417267933384662548 19427407542161378616381608117943147040052763256642320324032625071615777460314
8457352566798494549534211293399710164786255713836088916261789370645568029345 4423184605898535166528966597667009468080706595309016565558075509379893114782
7978678127770148457548642420902958072196814576299851611015951174933152436449
6355942033443925052264662084666479543073101551036240942380920937491669402076
20079975850433485749875781081531477534155458364474583788478555381205501915134
6871574256396227481146629045547759921889242155276664722092590833168230529783
20643450623224593873273570287471910985736356026947878418048870123506607291451
20252909359860271227481384996094215491426950217794821981536046665842408659781
18168883672067678773198197346018293517909992324938669653516491070376485375496
784139547997933709284263398381628148137833400783702347373784633855370287984
14480767770845149609438831398929094301696099081643658928586401525457110831276
7265416062233596270074713339364812904369998684558830941675953253468698556840
