16483593073537047720937741255154575623266972463775816813312356932440348596990 9437400046938201529012707095907363536996041242758089300056463005499330236379
13498873960336681683342235429195083956980363133465499692073738580095879167937 1349035860743352733339028025989455836159439736360377230417208510564516776195
16288703558246927127059143977295015570261206416525266481985220888133770974942
10360318819506683128443098228404701530233398661173738925494443036829994715403
5915685619292922697487956062400767386715291751456156308726937801520974949961 1627896675017144561172157574697706242137814285764827427188675067072075643613
21421939494637893280771503114667092878376236156642236236251838653153160578152 7437767159163705598459176749314854068958688363651484127853847052093854352323
1266596603055343118503578258620610030230266780774089793062196948322933774551 18155329985764920139349370398881789026862354364132113983496601751626054663053
8731696573147961505527874992836609461055224659840038525040272018793048266165 21758290416242079078177344137536050667912382541578563608107567066907365132231
9323309144453090288071389915221973008604156295058208168972915912315037052841
14992172174503058351388241570804021797662470795553494794000122290459288610464
14012135156664376888283505653760935271423517998555106104119828978407851773691 19670301497028196028004071574726334692067510002846725265815917864817286246861
8585424180469196440756807044133814756797211064295603994534743209841934657216 19983992348226403334227349007911784564386949664728844417151346084387799411865
4133931695882574554382095851514495543337436674930550300684589296317247095938 14127146160364717366442410711816447421138830217957678881859270305257172945668
18809958659126773695022600920880799770027153305663899096827021982542501379863 2919405080094215293794465504877640205945550500046024405406532174203087961395
8093340503141907354719292326745284037815704968159238000750710892522434274685
6120198759213725986264087058476467189720506928735588710438147936562805493380
